250
14460
466
14489
7635
7614
198
14401
7711
14307
14473
14372
14561
47
14447
1733
14434
7687
7885
7747
14321
14297
7615
7723
2334
14279
14275
2412
9079
14545
341
2
2209
14608
14588
8085
14441
2365
14387
9314
9348
14452
1749
14314
306
2389
2436
2235
2439
14481
2150
2250
7656
9362
9170
9351
14322
2341
2319
12242
2407
14381
1721
2251
2121
7559
9245
1690
14289
1580
2367
11777
14353
8152
7685
7714
9285
11636
14599
14530
2458
7845
9336
9161
9114
9103
1644
14333
1686
14577
444
11811
2455
201
11931
193
2469
14266
2259
14286
14438
9117
9195
11725
14262
12090
2176
9320
11998
7980
307
8453
1578
14520
11737
2292
7734
3393
1685
14502
15368
9196
9271
2291
9110
7904
3442
974
14281
2254
402
9349
9091
12116
8355
2472
3
2201
3255
9360
7999
7824
14469
9219
2198
9378
9107
9368
9389
2246
2317
7570
2426
4722
2337
14383
7577
7937
9251
7906
2356
8013
11784
7731
2406
2424
7830
9375
2382
9265
7672
12094
2443
1537
7947
138
2316
11862
2166
7966
7505
7903
7794
7494
8204
9288
14346
2158
9076
9355
2427
2244
2336
7648
9946
2355
468
14558
2305
7870
11651
8229
2232
9086
2410
11968
2403
7543
2332
2153
9305
7989
2322
2242
9338
3472
501
2330
15226
14559
2342
8044
11863
2363
11687
7528
1588
9206
471
511
2225
14317
2345
7536
2450
14336
14421
3279
14412
8076
2416
12279
3814
11701
15258
14544
11871
15162
462
12228
14482
7713
7869
11845
113
2457
12028
3348
2422
5602
7739
9191
2196
3253
2463
5931
2189
2132
293
3305
7770
9372
11803
11726
2187
15260
9140
2444
100
14367
11742
8468
7655
2290
7737
2131
11866
8017
9268
3225
2420
9072
8082
12243
1607
2213
9220
9312
14446
2451
9156
12814
1518
2197
11752
2333
7924
7535
9277
1635
1699
7669
15287
9063
14477
5455
12160
10403
7967
966
2258
2325
11807
7798
11875
14274
7637
2276
2277
1527
7603
2339
1107
9100
11980
3474
7517
11613
7646
450
9283
11572
7950
5956
9235
424
1322
7500
11901
2354
14511
8080
490
12216
11702
11831
7502
5335
2296
14578
9068
304
1521
7852
7787
14364
2240
3780
9172
11655
9234
2260
2386
456
11666
7932
14340
14495
7844
15092
7595
9159
9240
956
8202
8335
15202
11764
2299
1812
165
3752
9209
14546
2430
14594
9202
11937
11779
8371
2233
7983
2383
2236
1600
1657
7704
14598
7913
14430
9073
11846
14583
14590
2261
1709
1714
9201
8256
12668
13876
11964
2415
7670
7584
194
11970
9256
9225
218
1574
6182
7820
2294
9295
14278
8043
9297
8060
11986
1696
12158
14529
9304
12695
9122
11697
7753
12759
3704
2283
7533
11835
3757
214
9087
9139
7840
9289
3693
2462
2200
7960
7604
3420
2284
11634
313
3783
7690
2373
5476
15100
2134
7825
1530
15619
2445
465
2170
4694
3309
3686
12234
5612
9133
1515
9200
9386
11716
9124
1003
1533
11836
9337
11659
9099
2375
9369
3738
2309
9151
9163
15376
1745
9247
11938
10532
1743
7910
12206
7510
2154
15362
7860
11652
