13156
13209
13118
13243
12997
13235
13328
13211
13099
13213
13206
13303
13193
13125
13256
13029
13185
13012
13043
13080
13293
13175
13191
13162
13246
13145
13335
13219
13114
13165
13053
13353
13163
13525
13129
13031
13044
13667
13250
13141
13338
13016
13251
13123
13330
13189
13022
13155
2641
12999
13142
13199
13285
13002
13247
13126
13296
13257
13351
13194
13101
13726
4219
13028
13229
13713
13208
13244
13151
13350
13095
14173
13329
13220
13146
13076
13281
13038
13192
13681
13452
13664
13336
13216
13352
13147
13103
13178
13362
13067
13319
13231
13283
13180
13300
13263
13161
539
13097
13079
13299
13306
13277
13027
13255
13488
13051
13448
12994
13115
13647
13447
13279
13035
13245
13619
13212
7888
13104
13413
13321
13096
13225
13197
13116
13275
13112
13119
13268
13013
13333
13133
13121
13298
13560
13657
13287
13086
13260
13271
13138
13184
13195
13062
13311
6792
13127
13236
13060
13205
13024
13239
6555
13341
13092
13436
13010
12988
13108
13527
13203
13003
13061
13315
13237
13030
13392
13056
13264
13594
13177
13169
13068
13573
13075
13254
13331
2619
13512
13063
13400
13107
13074
2672
13187
13347
13100
13081
13202
13098
13071
13201
13241
13179
13238
13064
13048
13722
13316
13339
14175
13314
13286
13437
13214
13136
13269
13262
13301
13439
13663
13515
13322
338
13047
8064
6501
7208
3986
10845
8067
13297
13110
12991
2610
13334
