14141
14196
14962
867
14081
14048
11188
848
9487
14017
14145
13978
15698
15635
15599
14200
4798
14744
11055
15580
15492
6288
824
14005
15633
8425
14242
9773
15422
13725
9430
14220
9666
15680
15700
8739
13516
9709
13707
15430
15511
13455
1196
11611
14069
4329
10062
1452
13960
7005
15584
12382
14163
15656
9469
766
13411
9669
14039
8957
15558
10939
756
15531
538
15446
14127
15543
15718
10005
8435
5737
4410
15683
9398
705
793
5830
14241
9947
761
15722
4363
10749
757
11225
10050
13900
14011
566
14025
14148
5844
12033
15605
8327
9489
13504
14119
861
15496
8434
4568
818
15660
1772
15740
12341
15554
576
11085
15442
12624
15676
10065
4122
2001
9956
8342
15622
15694
9949
15708
15497
3873
15535
14564
562
10796
16084
15686
7120
13987
15007
5601
6537
12920
760
8307
9515
871
12560
9948
13869
6628
686
9943
14252
10827
10041
13897
11189
2876
15444
12434
9814
5456
14035
9892
11092
9719
8877
5903
13709
12195
11207
684
12534
10585
13546
719
9983
12492
10025
4379
15737
2184
10154
9701
11252
8380
13691
3884
11087
13482
691
9710
9464
10791
10266
10030
12127
10984
8793
12424
7264
9483
15527
8212
15505
11163
545
10149
2025
4202
9889
567
6688
786
14179
4856
11154
2837
10919
703
4851
14253
508
2033
8304
8087
7842
14095
9836
9851
2079
9639
13389
11254
13563
8365
4155
8804
727
336
12355
1811
10059
546
15466
4287
15593
816
15426
599
637
592
13859
11991
12398
13532
1010
13483
5878
13480
718
14091
6974
13575
4313
6358
13953
15598
7759
11619
11019
13544
10822
12773
12843
8119
13685
1186
12002
550
15181
3371
9877
9680
12465
8177
7652
6906
14947
9450
11216
12484
1833
11022
2037
790
9934
1789
15711
8089
13357
10693
13931
14147
14648
7449
11826
11712
11443
2083
750
610
13786
11157
7073
657
14426
13370
13800
13420
13644
15642
9807
731
8234
13692
9542
821
6841
12820
9475
9632
15726
1172
1477
15454
13938
537
8517
16068
4703
8426
14027
10836
12495
1223
809
6866
15629
12535
13648
11267
11183
11152
3955
14534
14001
4388
1259
11850
12177
3078
612
1216
1442
3196
11111
9405
10061
8318
10016
13985
8250
12754
12345
15875
14183
4879
661
669
11626
654
7538
1312
12728
723
10802
4138
12455
3098
598
16072
10512
13842
9453
1018
11161
9933
11249
13883
3936
12258
3087
9944
14166
13936
11052
13432
14223
7564
4595
8466
13728
16087
9036
9837
13580
13878
12136
