8341
8142
8207
8395
8125
8415
4116
14066
8139
13443
2572
8282
8151
8241
8197
8113
2569
8124
4085
8334
10695
8408
8418
9767
3126
13916
8247
3927
9865
5704
8359
4216
8102
2999
8316
2693
8118
2655
2433
8277
7392
9782
13980
10897
8216
4411
9104
8438
11453
2343
8254
5727
2199
9146
10026
8231
8428
880
13893
14243
6654
2219
4074
8097
8226
10870
3901
8348
8283
8411
9875
8396
15380
4030
15355
5807
7593
2727
8114
4206
4415
9162
8328
6097
9096
4335
8430
8190
9725
8279
12021
9442
8317
4109
4062
14168
12400
5754
4400
5751
4166
8288
5656
8168
14185
9353
5858
12343
15416
9766
6394
3316
7741
12716
9744
15360
8025
108
617
5593
5687
5596
10586
9867
11167
13993
8193
4051
12549
3929
12446
8173
9208
7092
4407
9695
8394
12496
10422
2171
2864
15406
5820
2768
2764
2774
2530
12572
13898
5826
4259
2016
14589
3117
7086
5644
14552
4357
11415
10038
4209
4338
8001
4120
7519
14158
8018
3980
4211
12233
3057
9850
5869
4311
6554
3111
6562
9142
8421
6542
8179
12414
5681
7864
9979
2966
14062
3893
7959
3413
4064
11471
1642
9761
2990
6252
4128
4349
14110
4420
6557
5849
3879
5717
6341
7156
13537
5809
6469
9275
7617
8993
4423
6431
4148
9363
4265
5740
11190
6556
8352
2481
4177
7377
1736
1643
9115
81
316
3958
9302
7803
4231
5852
4425
12925
12524
15
3951
